10 101101
13 101100
32 111
33 11011011001
39 0101110
44 100001
45 100010011
46 0101111
58 1000100010
59 0101000
65 10100100
66 1101101110
67 0101001100
68 10001000110
71 101001101
72 1000100101
73 010101
76 010100111
77 100010000
78 0101001101
79 10001000111
80 11011011000
82 100010010010
83 01010010
84 10100101
87 1101101101
89 10001001000
96 10100110000
97 0111
98 1101100
99 101000
100 11010
101 001
102 010110
103 100011
104 0100
105 10111
106 10100110001
107 1000101
108 10101
109 110000
110 0001
111 0110
112 10100111
113 1101101111
114 11001
115 0000
116 1001
117 110111
118 11011010
119 110001
120 100010010011
121 100000
122 1010011001
